list1.txt
Native Language Sort
0.000968
0%
First 10: 2, 4, 5, 8, 10, 12, 15, 16, 17, 19
Last 10: 88, 89, 90, 91, 93, 94, 95, 96, 97, 99

Insertion Sort
0.012960
12%
First 10: 2, 4, 5, 8, 10, 12, 15, 16, 17, 19
Last 10: 88, 89, 90, 91, 93, 94, 95, 96, 97, 99

Selection Sort
0.210023
216%
First 10: 2, 4, 5, 8, 10, 12, 15, 16, 17, 19
Last 10: 88, 89, 90, 91, 93, 94, 95, 96, 97, 99

Bubble Sort
0.226027
233%
First 10: 2, 4, 5, 8, 10, 12, 15, 16, 17, 19
Last 10: 88, 89, 90, 91, 93, 94, 95, 96, 97, 99

Quicksort
0.262649
270%
First 10: 2, 4, 5, 8, 10, 12, 15, 16, 17, 19
Last 10: 88, 89, 90, 91, 93, 94, 95, 96, 97, 99

list2.txt
Native Language Sort
0.000579
0%
First 10: 1, 2, 4, 8, 16, 32, 64, 128, 256, 512
Last 10: 134217728, 268435456, 536870912, 1073741824, 2147483648, 4294967296, 8589934592, 17179869184, 34359738368, 68719476736

Insertion Sort
0.007115
11%
First 10: 1, 2, 4, 8, 16, 32, 64, 128, 256, 512
Last 10: 134217728, 268435456, 536870912, 1073741824, 2147483648, 4294967296, 8589934592, 17179869184, 34359738368, 68719476736

Selection Sort
0.080580
138%
First 10: 1, 2, 4, 8, 16, 32, 64, 128, 256, 512
Last 10: 134217728, 268435456, 536870912, 1073741824, 2147483648, 4294967296, 8589934592, 17179869184, 34359738368, 68719476736

Bubble Sort
0.084830
145%
First 10: 1, 2, 4, 8, 16, 32, 64, 128, 256, 512
Last 10: 134217728, 268435456, 536870912, 1073741824, 2147483648, 4294967296, 8589934592, 17179869184, 34359738368, 68719476736

Quicksort
0.101619
174%
First 10: 1, 2, 4, 8, 16, 32, 64, 128, 256, 512
Last 10: 134217728, 268435456, 536870912, 1073741824, 2147483648, 4294967296, 8589934592, 17179869184, 34359738368, 68719476736

list3.txt
Native Language Sort
0.001647
0%
First 10: 1650000000, 1659947572, 1669996608, 1680114897, 1690269397, 1700426220, 1710550627, 1720607035, 1730559024, 1740369356
Last 10: 6600220247, 6681607320, 6763732879, 6846479521, 6929725043, 7013427052, 7097500453, 7181715139, 7265785946, 7349472099

Insertion Sort
0.019216
11%
First 10: 1650000000, 1659947572, 1669996608, 1680114897, 1690269397, 1700426220, 1710550627, 1720607035, 1730559024, 1740369356
Last 10: 6600220247, 6681607320, 6763732879, 6846479521, 6929725043, 7013427052, 7097500453, 7181715139, 7265785946, 7349472099

Selection Sort
0.642588
389%
First 10: 1650000000, 1659947572, 1669996608, 1680114897, 1690269397, 1700426220, 1710550627, 1720607035, 1730559024, 1740369356
Last 10: 6600220247, 6681607320, 6763732879, 6846479521, 6929725043, 7013427052, 7097500453, 7181715139, 7265785946, 7349472099

Bubble Sort
0.689582
418%
First 10: 1650000000, 1659947572, 1669996608, 1680114897, 1690269397, 1700426220, 1710550627, 1720607035, 1730559024, 1740369356
Last 10: 6600220247, 6681607320, 6763732879, 6846479521, 6929725043, 7013427052, 7097500453, 7181715139, 7265785946, 7349472099

Quicksort
0.752179
456%
First 10: 1650000000, 1659947572, 1669996608, 1680114897, 1690269397, 1700426220, 1710550627, 1720607035, 1730559024, 1740369356
Last 10: 6600220247, 6681607320, 6763732879, 6846479521, 6929725043, 7013427052, 7097500453, 7181715139, 7265785946, 7349472099

list4.txt
Native Language Sort
0.000717
0%
First 10: 0, 1, 1, 2, 3, 5, 8, 13, 21, 34
Last 10: 102334155, 165580141, 267914296, 433494437, 701408733, 1134903170, 1836311903, 2971215073, 4807526976, 7778742049

Insertion Sort
0.009460
12%
First 10: 0, 1, 1, 2, 3, 5, 8, 13, 21, 34
Last 10: 102334155, 165580141, 267914296, 433494437, 701408733, 1134903170, 1836311903, 2971215073, 4807526976, 7778742049

Selection Sort
0.126064
175%
First 10: 0, 1, 1, 2, 3, 5, 8, 13, 21, 34
Last 10: 102334155, 165580141, 267914296, 433494437, 701408733, 1134903170, 1836311903, 2971215073, 4807526976, 7778742049

Bubble Sort
0.132062
183%
First 10: 0, 1, 1, 2, 3, 5, 8, 13, 21, 34
Last 10: 102334155, 165580141, 267914296, 433494437, 701408733, 1134903170, 1836311903, 2971215073, 4807526976, 7778742049

Quicksort
0.165536
230%
First 10: 0, 1, 1, 2, 3, 5, 8, 13, 21, 34
Last 10: 102334155, 165580141, 267914296, 433494437, 701408733, 1134903170, 1836311903, 2971215073, 4807526976, 7778742049

list5.txt
Native Language Sort
0.001910
0%
First 10: 40.45, 49.11, 49.41, 54.58, 58.75, 59.9, 60.52, 64.29, 64.56, 65.73
Last 10: 11497.1, 11577.51, 12217.56, 12463.2, 13104.14, 13264.8, 16576.66, 17425.03, 17823.07, 18253.85

Insertion Sort
0.024869
12%
First 10: 40.45, 49.11, 49.41, 54.58, 58.75, 59.9, 60.52, 64.29, 64.56, 65.73
Last 10: 11497.1, 11577.51, 12217.56, 12463.2, 13104.14, 13264.8, 16576.66, 17425.03, 17823.07, 18253.85

Selection Sort
0.755012
394%
First 10: 40.45, 49.11, 49.41, 54.58, 58.75, 59.9, 60.52, 64.29, 64.56, 65.73
Last 10: 11497.1, 11577.51, 12217.56, 12463.2, 13104.14, 13264.8, 16576.66, 17425.03, 17823.07, 18253.85

Bubble Sort
0.755522
395%
First 10: 40.45, 49.11, 49.41, 54.58, 58.75, 59.9, 60.52, 64.29, 64.56, 65.73
Last 10: 11497.1, 11577.51, 12217.56, 12463.2, 13104.14, 13264.8, 16576.66, 17425.03, 17823.07, 18253.85

Quicksort
0.892008
466%
First 10: 40.45, 49.11, 49.41, 54.58, 58.75, 59.9, 60.52, 64.29, 64.56, 65.73
Last 10: 11497.1, 11577.51, 12217.56, 12463.2, 13104.14, 13264.8, 16576.66, 17425.03, 17823.07, 18253.85

list6.txt
Native Language Sort
0.000267
0%
First 10: 36, 67, 93, 141, 483, 886, 1782, 2794, 3666
Last 10: 36, 67, 93, 141, 483, 886, 1782, 2794, 3666

Insertion Sort
0.001746
6%
First 10: 36, 67, 93, 141, 483, 886, 1782, 2794, 3666
Last 10: 36, 67, 93, 141, 483, 886, 1782, 2794, 3666

Selection Sort
0.007193
26%
First 10: 36, 67, 93, 141, 483, 886, 1782, 2794, 3666
Last 10: 36, 67, 93, 141, 483, 886, 1782, 2794, 3666

Bubble Sort
0.007603
27%
First 10: 36, 67, 93, 141, 483, 886, 1782, 2794, 3666
Last 10: 36, 67, 93, 141, 483, 886, 1782, 2794, 3666

Quicksort
0.010640
39%
First 10: 36, 67, 93, 141, 483, 886, 1782, 2794, 3666
Last 10: 36, 67, 93, 141, 483, 886, 1782, 2794, 3666

